Por;100,764544643355;103,450743934728
Por;90,1027106848808;130,885463022997
Por;113,116669351343;156,369846631057
Duży Por;95,6079072715924;115,340302675151
Duży Por;104,212925942045;134,926532296775
Por;104,170421400173;134,79901867116
Prosta s;85,4434565151605;145,724359415748;0,594963047983894
Prosta s;104,036767261536;135,097057087803;-1,52972354820444
Prosta s;104,134527707841;134,754895525736;1,58401141648376
Prosta s;104,183407930993;134,706015302584;0,038004505937062
Prosta s;104,183407930993;134,754895525736;-3,11897207823448
