Trójkąt;97,3163014398881;125,857095035748;107,06236844052;116,196519850911;107,74630296688;131,157587615039
Trójkąt;100,821465887484;135,004719325814;91,3318743342369;140,732670984081;116,209992730587;134,149801167864
Trójkąt;85,3474472285858;132,952915746734;85,1764635969957;120,898569719637;88,3396607814113;137,82594924705
Daszek;112,704828282991;116,367503482501;119,544173546592;113,11881448229;119,458681730797;120,642094272252
Punkt;100,137531361124;114,657667166601
Prosta;114,158189151506;123,292340561897;1,60357147119897
Punkt;113,849260449393;107,513448089876
Trójkąt;104,410265170341;153,303998836434;122,450868362272;142,902209608654;122,938452232324;159,15500527706
Daszek;78,0807361875241;159,317533233744;90,1078049821444;145,015073045547;91,7330845489849;158,667421407008
Punkt;88,5056865808272;116,482683931389
Trójkąt;104,893510901296;110,053587847561;137,71963987428;91,6630457120942;128,623242688995;122,907192565898
Trójkąt;135,148918930612;137,73827493321;84,5254911168541;152,371609535624;144,443063880794;165,422962018859
Daszek;153,143965536284;106,691875844304;166,986309079109;91,6630457120942;169,754777787673;110,251335612459
Daszek;153,737208830977;128,048634453233;139,499369758357;121,720705976513;139,697117523255;143,077464585442
Punkt;91,8562103310163;116,617689149764
Trójkąt;47,8263018643413;141,174352827734;74,4792614809598;123,334065342417;72,7597156992425;148,912308845462
Daszek;41,5929484056159;124,623724678705;64,3769300133705;108,073096529675;64,8068164587999;115,381166101974
Punkt;108,669529962879;87,3018231082077
